      0.0000      1.9440      0.0000
      0.0000      0.0000      0.0000
      0.0000      0.9720      0.0000
      0.0000      1.3190     -0.7440
      0.0000      1.6315     -0.3720
      0.0000      0.6250     -0.7440
      0.0000      0.9720     -0.7440
      0.0000      0.3125     -0.3720
      3.1230      0.0000      0.0000
      3.1230      0.6250     -0.7440
      3.1230      0.3125     -0.3720
      3.1230      1.3190     -0.7440
      3.1230      0.9720     -0.7440
      3.1230      1.9440      0.0000
      3.1230      1.6315     -0.3720
      3.1230      0.9720      0.0000
      1.5615      0.6250     -0.7440
      1.5615      0.0000      0.0000
      1.5615      1.3190     -0.7440
      1.5615      1.9440      0.0000
